6.880836126239340267e-01
1.624721963336229980e+00
3.471949931285009949e+00
6.195193907912649678e+00
1.472255037902399977e+00
5.887356992893150398e+00
4.569635239380120062e+00
1.912089590875990064e+00
1.271361323527979970e+01
1.651938578299940019e+01
7.384032201220620095e+00
3.824877170123570203e+00
5.150114933886159818e+00
2.181099704029089992e+01
4.346339668849379945e-01
5.222199730094470027e+00
6.679991589619939774e+00
8.284837880111570740e+00
1.426691455776089912e+00
5.484194100733630339e-01
6.847541590789839816e+00
1.099541354101259971e+00
1.835512437929510021e+00
5.814068418320980314e+00
2.085533157478680177e+00
2.322258140035109886e+00
6.173617200378799907e+00
2.380088382094729837e+01
6.142043102768620422e+00
1.584755973079799984e-01
2.788848753310260026e-02
9.883702357897260482e-01
3.678804065868609974e-01
2.829040557191380145e-01
1.385882661696379969e+01
9.434929244462990638e+00
6.350470830176430104e-02
4.268156925444720196e-02
4.656812685349470016e+00
7.418954607813009972e+00
1.703772601524990105e+00
1.999288499729439950e-01
3.641376810398350150e-02
5.561001990579980125e-01
1.668770739563929961e+00
3.975851174267709953e-01
4.255982226837930149e+00
3.187674887775159949e+00
3.963855136499920206e+01
6.127344919831079650e+00
9.612683638757710369e+00
6.510865996181400384e+00
6.061022027526500322e-01
1.892711166910790110e+00
2.239913378938290123e+00
2.624773655009279949e+00
2.534038983152429925e+00
1.185448746778990037e+00
7.535622937746939698e+00
1.332400037499169976e+01
9.287702056544200335e-02
1.219984295249309980e+01
1.824778815728959946e+00
9.018538333507880367e+00
5.070931021862850052e+00
2.973514747511639911e+00
2.838620529795989889e+00
2.617679740225820062e-01
1.923137777777780055e+00
9.192323751539349885e+00
4.649683014762630018e-01
1.471377619259919989e+01
7.240367257216860253e+00
1.000501672240799955e+01
2.572699002616710029e+00
7.790319960121699916e-01
2.219984285522270118e-01
1.475679742450219933e-01
2.630302870479030108e+00
2.252485900240530081e-01
1.161323405717920032e+00
6.072542979341959857e+00
4.487845000011089880e+00
5.831233864228789976e+00
1.597436188696069959e+00
2.417130388562100052e+00
8.454417484412950046e+00
4.642716910825670062e+00
7.787453478898700432e+00
9.547967764363820109e+00
6.205044323606710321e+00
2.651740431022469924e+00
9.639072463320019324e+00
3.554044913603660039e+00
1.457415984646929985e+01
2.941841777037800254e-01
5.846839242168450079e-01
1.983258527227709900e+00
1.168055773286219967e+01
2.957872938234250171e+01
1.804986445998000066e+00
3.336700627988349876e-01
3.471747547950939872e+00
4.597659707850340283e+00
1.080138295685040051e+00
2.459162011906479983e-01
8.339074065438740746e+00
1.295724497839150002e+00
4.629509671584820296e+00
2.008421948748080155e+01
4.076175723380719873e+00
4.331067477902830198e+00
1.195811645611409985e-01
7.193660099630350135e-02
7.535926750589379886e+00
2.800254545454550215e+00
6.167679131259270336e-02
6.355649592924150326e+00
1.949680041015509957e+00
7.029020136523920215e-01
3.241044938935349951e+00
3.939372920323399807e+00
1.381554542292980026e+00
1.383552384465430052e+00
1.165385482308230003e+01
3.763898221240379982e+00
1.901639391478159968e+00
1.212694101502950067e-01
2.461470032234610028e-01
1.472147736669509932e+00
3.924214417744920080e+00
2.125486740884670045e-01
1.010916825714079970e+01
1.401671814671809990e+01
7.827968966221270364e+00
7.955415946206879640e-01
1.058361347401550051e-01
5.922243124916910517e-01
9.940980234819740247e+00
1.669972035365080032e+01
9.192086303746790366e-01
1.077698015031799983e+01
2.693614790046690022e+00
6.959995080273999601e-01
8.162733600432160452e-01
1.807797851689429969e+00
9.510711098566150268e-01
7.880600782425760009e+00
4.380586816123949845e+00
4.669747730727559798e+01
4.074315455128079577e+00
1.281834526154569964e+01
6.813748284006709843e-02
1.339447647180270096e+00
6.369030277223729497e-01
1.918893684296070035e+01
5.742615369923079749e-01
6.120600182495619990e+00
7.973273841205849699e+00
1.705113734427219918e-01
1.028290763730469948e+01
2.148963625866050009e+01
6.059022901006160033e+00
7.256783262742449558e+00
3.605821233078759791e-01
6.359194030475509574e-02
8.990717519637620114e+00
1.212245425418940065e-01
5.660938803334530256e+00
7.944418604651160010e-01
5.194631873252560261e+00
2.250190723644200030e+00
2.314220644996070053e+00
3.010833806381750244e-01
4.745623279442230391e+00
9.794989664640729732e-01
4.942300827764520399e+00
4.719447293131639576e+00
2.193362289423829825e+00
3.851517268657930204e-01
1.962187661814120132e-01
4.544430859150559776e+00
2.661885387214670273e-01
3.207329361251459732e-01
1.715039754125740057e+00
3.381969380856440210e+01
2.481635076207670210e+00
4.402995372548270225e+00
1.256420825213360004e+01
6.106012950971320130e+00
1.153945326381290021e-01
6.487200663255349831e+00
1.925222288820319960e+01
7.334310858818559709e+00
1.628705288144000107e+01
2.559637689287390216e+00
3.889733194512079884e+00
4.593047216543160172e-01
6.653708260783609774e+00
1.781696603505040111e+00
5.436752715225799948e-01
7.350861591416270047e-01
2.353473734056570066e-01
8.879561280567299653e-01
